1|Juan|ciudad|597|786
2|Pedro|ciudad|421|264
3|Jose|ciudad|597|754
5|123|123|123|124
6||||
7|marco|5 calle zona 12|23456787|22345543
8|marco|5 calle zona 12|23456787|22345543
9|marco|5 calle zona 12|23456787|22345543
10|marco|5 calle zona 12|23456787|22345543
11||||
12||||
13||||
14||||
15||||
16||||
17||||
18||||
19||||
20|2121|1212|1212|213123
21|sss|sss|sss|sss
22|22|222|22|22
23|22|222|22|22
24|22|222|22|22
25|22|222|22|22
26|22|222|22|22
27|22|222|22|22
28|ss|sss|sss|ssss
29|aaa|aaa|aaaa|aaa
